0,07:24:4a:4a:6c:22,19800106000324.000,0.00,0.0, 32.85, 32.57,100
0,07:24:4a:4a:6c:22,19800106000330.000,0.00,0.0, 32.81, 32.61,100
0,07:24:4a:4a:6c:22,19800106000335.000,0.00,0.0, 32.88, 32.62,100
0,07:24:4a:4a:6c:22,19800106000340.000,0.00,0.0, 32.85, 32.62,100
0,07:24:4a:4a:6c:22,19800106000346.000,0.00,0.0, 32.85, 32.63,100
0,07:24:4a:4a:6c:22,19800106000351.000,0.00,0.0, 32.88, 32.64,100
0,07:24:4a:4a:6c:22,19800106000356.000,0.00,0.0, 32.85, 32.64,100
0,07:24:4a:4a:6c:22,19800106000402.000,0.00,0.0, 32.81, 32.65,100
0,07:24:4a:4a:6c:22,19800106000407.000,0.00,0.0, 32.81, 32.66,100
0,07:24:4a:4a:6c:22,19800106000412.000,0.00,0.0, 32.81, 32.67,100
0,07:24:4a:4a:6c:22,19800106000418.000,0.00,0.0, 32.78, 32.67,100
0,07:24:4a:4a:6c:22,19800106000423.000,0.00,0.0, 32.78, 32.66,100
0,07:24:4a:4a:6c:22,19800106000428.000,0.00,0.0, 32.81, 32.67,100
0,07:24:4a:4a:6c:22,19800106000434.000,0.00,0.0, 32.78, 32.67,100
0,07:24:4a:4a:6c:22,19800106000439.000,0.00,0.0, 32.75, 32.67,100
0,07:24:4a:4a:6c:22,19800106000444.000,0.00,0.0, 32.75, 32.68,100
0,07:24:4a:4a:6c:22,19800106000450.000,0.00,0.0, 32.75, 32.68,100
0,07:24:4a:4a:6c:22,19800106000455.000,0.00,0.0, 32.78, 32.68,100
0,07:24:4a:4a:6c:22,19800106000500.000,0.00,0.0, 32.78, 32.67,100
0,07:24:4a:4a:6c:22,19800106000525.000,0.00,0.0, 32.78, 32.63,100
0,07:24:4a:4a:6c:22,19800106000531.000,0.00,0.0, 32.81, 32.66,100
0,07:24:4a:4a:6c:22,19800106000536.000,0.00,0.0, 32.78, 32.67,100
0,07:24:4a:4a:6c:22,19800106000542.000,0.00,0.0, 32.78, 32.68,100
0,07:24:4a:4a:6c:22,19800106000547.000,0.00,0.0, 32.75, 32.68,100
0,07:24:4a:4a:6c:22,19800106000553.000,0.00,0.0, 32.78, 32.68,100
0,07:24:4a:4a:6c:22,19800106000558.000,0.00,0.0, 32.81, 32.68,100
0,07:24:4a:4a:6c:22,19800106000625.000,0.00,0.0, 32.75, 32.66,100
0,07:24:4a:4a:6c:22,19800106000631.000,0.00,0.0, 32.75, 32.69,100
0,07:24:4a:4a:6c:22,19800106000636.000,0.00,0.0, 32.78, 32.70,100
0,07:24:4a:4a:6c:22,19800106000642.000,0.00,0.0, 32.75, 32.70,100
0,07:24:4a:4a:6c:22,19800106000647.000,0.00,0.0, 32.78, 32.69,100
0,07:24:4a:4a:6c:22,19800106000652.000,0.00,0.0, 32.81, 32.69,100
0,07:24:4a:4a:6c:22,19800106000658.000,0.00,0.0, 32.78, 32.68,100
0,07:24:4a:4a:6c:22,19800106000703.000,0.00,0.0, 32.75, 32.69,100
0,07:24:4a:4a:6c:22,19800106000708.000,0.00,0.0, 32.78, 32.69,100
0,07:24:4a:4a:6c:22,19800106000714.000,0.00,0.0, 32.78, 32.68,100
0,07:24:4a:4a:6c:22,19800106000719.000,0.00,0.0, 32.78, 32.70,100
0,07:24:4a:4a:6c:22,19800106000724.000,0.00,0.0, 32.75, 32.68,100
0,07:24:4a:4a:6c:22,19800106000730.000,0.00,0.0, 32.81, 32.69,100
0,07:24:4a:4a:6c:22,19800106000735.000,0.00,0.0, 32.78, 32.70,100
0,07:24:4a:4a:6c:22,19800106000741.000,0.00,0.0, 32.78, 32.69,100
0,07:24:4a:4a:6c:22,19800106000746.000,0.00,0.0, 32.81, 32.70,100
0,07:24:4a:4a:6c:22,19800106000751.000,0.00,0.0, 32.85, 32.70,100
0,07:24:4a:4a:6c:22,19800106000757.000,0.00,0.0, 32.78, 32.68,100
0,07:24:4a:4a:6c:22,19800106000802.000,0.00,0.0, 32.78, 32.69,100
0,07:24:4a:4a:6c:22,19800106000807.000,0.00,0.0, 32.81, 32.70,100
0,07:24:4a:4a:6c:22,19800106000813.000,0.00,0.0, 32.78, 32.70,100
0,07:24:4a:4a:6c:22,19800106000818.000,0.00,0.0, 32.81, 32.70,100
0,07:24:4a:4a:6c:22,19800106000823.000,0.00,0.0, 32.81, 32.68,100
0,07:24:4a:4a:6c:22,19800106000829.000,0.00,0.0, 32.81, 32.67,100
0,07:24:4a:4a:6c:22,19800106000834.000,0.00,0.0, 32.81, 32.68,100
0,07:24:4a:4a:6c:22,19800106000839.000,0.00,0.0, 32.81, 32.66,100
0,07:24:4a:4a:6c:22,19800106000845.000,0.00,0.0, 32.81, 32.66,100
0,07:24:4a:4a:6c:22,19800106000850.000,0.00,0.0, 32.75, 32.64,100
0,07:24:4a:4a:6c:22,19800106000856.000,0.00,0.0, 32.75, 32.64,100
0,07:24:4a:4a:6c:22,19800106000901.000,0.00,0.0, 32.78, 32.64,100
0,07:24:4a:4a:6c:22,19800106000906.000,0.00,0.0, 32.78, 32.62,100
0,07:24:4a:4a:6c:22,19800106000912.000,0.00,0.0, 32.78, 32.62,100
0,07:24:4a:4a:6c:22,19800106000917.000,0.00,0.0, 32.75, 32.63,100
0,07:24:4a:4a:6c:22,19800106000922.000,0.00,0.0, 32.78, 32.62,100
0,07:24:4a:4a:6c:22,19800106000928.000,0.00,0.0, 32.78, 32.63,100
0,07:24:4a:4a:6c:22,19800106000933.000,0.00,0.0, 32.81, 32.64,100
0,07:24:4a:4a:6c:22,19800106000938.000,0.00,0.0, 32.81, 32.63,100
0,07:24:4a:4a:6c:22,19800106000944.000,0.00,0.0, 32.81, 32.64,100
0,07:24:4a:4a:6c:22,19800106000949.000,0.00,0.0, 32.78, 32.64,100
0,07:24:4a:4a:6c:22,19800106000954.000,0.00,0.0, 32.81, 32.65,100
0,07:24:4a:4a:6c:22,19800106001000.000,0.00,0.0, 32.81, 32.66,100
0,07:24:4a:4a:6c:22,19800106001005.000,0.00,0.0, 32.81, 32.67,100
0,07:24:4a:4a:6c:22,19800106001010.000,0.00,0.0, 32.81, 32.67,100
0,07:24:4a:4a:6c:22,19800106001016.000,0.00,0.0, 32.81, 32.68,100
0,07:24:4a:4a:6c:22,19800106001021.000,0.00,0.0, 32.81, 32.67,100
0,07:24:4a:4a:6c:22,19800106001026.000,0.00,0.0, 32.81, 32.68,100
0,07:24:4a:4a:6c:22,19800106001032.000,0.00,0.0, 32.81, 32.69,100
0,07:24:4a:4a:6c:22,19800106001037.000,0.00,0.0, 32.85, 32.69,100
0,07:24:4a:4a:6c:22,19800106001042.000,0.00,0.0, 32.85, 32.69,100
0,07:24:4a:4a:6c:22,19800106001048.000,0.00,0.0, 32.85, 32.70,100
0,07:24:4a:4a:6c:22,19800106001053.000,0.00,0.0, 32.88, 32.68,100
0,07:24:4a:4a:6c:22,19800106001058.000,0.00,0.0, 32.88, 32.70,100
0,07:24:4a:4a:6c:22,19800106001104.000,0.00,0.0, 33.02, 32.70,100
0,07:24:4a:4a:6c:22,19800106001109.000,0.00,0.0, 34.98, 32.69,100
0,07:24:4a:4a:6c:22,19800106001115.000,0.00,0.0, 35.73, 32.69,100
0,07:24:4a:4a:6c:22,19800106001120.000,0.00,0.0, 35.39, 32.69,100
0,07:24:4a:4a:6c:22,19800106001125.000,0.00,0.0, 34.95, 32.69,100
0,07:24:4a:4a:6c:22,19800106001131.000,0.00,0.0, 34.64, 32.68,100
0,07:24:4a:4a:6c:22,19800106001136.000,0.00,0.0, 34.44, 32.68,100
0,07:24:4a:4a:6c:22,19800106001141.000,0.00,0.0, 34.20, 32.69,100
0,07:24:4a:4a:6c:22,19800106001147.000,0.00,0.0, 34.07, 32.68,100
0,07:24:4a:4a:6c:22,19800106001152.000,0.00,0.0, 33.93, 32.69,100
0,07:24:4a:4a:6c:22,19800106001157.000,0.00,0.0, 33.86, 32.69,100
0,07:24:4a:4a:6c:22,19800106001203.000,0.00,0.0, 33.80, 32.68,100
0,07:24:4a:4a:6c:22,19800106001208.000,0.00,0.0, 33.73, 32.67,100
0,07:24:4a:4a:6c:22,19800106001213.000,0.00,0.0, 33.66, 32.68,100
0,07:24:4a:4a:6c:22,19800106001219.000,0.00,0.0, 33.59, 32.68,100
0,07:24:4a:4a:6c:22,19800106001224.000,0.00,0.0, 33.56, 32.68,100
0,07:24:4a:4a:6c:22,19800106001229.000,0.00,0.0, 33.53, 32.70,100
0,07:24:4a:4a:6c:22,19800106001235.000,0.00,0.0, 33.46, 32.68,100
0,07:24:4a:4a:6c:22,19800106001240.000,0.00,0.0, 33.42, 32.69,100
0,07:24:4a:4a:6c:22,19800106001245.000,0.00,0.0, 33.36, 32.69,100
0,07:24:4a:4a:6c:22,19800106001251.000,0.00,0.0, 33.32, 32.68,100
0,07:24:4a:4a:6c:22,19800106001256.000,0.00,0.0, 33.29, 32.66,100
0,07:24:4a:4a:6c:22,19800106001301.000,0.00,0.0, 33.22, 32.66,100
0,07:24:4a:4a:6c:22,19800106001307.000,0.00,0.0, 33.15, 32.62,100
0,07:24:4a:4a:6c:22,19800106001312.000,0.00,0.0, 33.05, 32.61,100
0,07:24:4a:4a:6c:22,19800106001317.000,0.00,0.0, 33.05, 32.61,100
0,07:24:4a:4a:6c:22,19800106001323.000,0.00,0.0, 33.05, 32.59,100
0,07:24:4a:4a:6c:22,19800106001328.000,0.00,0.0, 33.02, 32.60,100
0,07:24:4a:4a:6c:22,19800106001333.000,0.00,0.0, 32.98, 32.61,100
0,07:24:4a:4a:6c:22,19800106001339.000,0.00,0.0, 32.98, 32.59,100
0,07:24:4a:4a:6c:22,19800106001344.000,0.00,0.0, 32.95, 32.58,100
0,07:24:4a:4a:6c:22,19800106001349.000,0.00,0.0, 32.91, 32.57,100
0,07:24:4a:4a:6c:22,19800106001355.000,0.00,0.0, 32.91, 32.55,100
0,07:24:4a:4a:6c:22,19800106001400.000,0.00,0.0, 32.91, 32.53,100
0,07:24:4a:4a:6c:22,19800106001405.000,0.00,0.0, 32.88, 32.51,100
0,07:24:4a:4a:6c:22,19800106001411.000,0.00,0.0, 32.85, 32.51,100
0,07:24:4a:4a:6c:22,19800106001416.000,0.00,0.0, 32.78, 32.50,100
0,07:24:4a:4a:6c:22,19800106001422.000,0.00,0.0, 32.75, 32.47,100
0,07:24:4a:4a:6c:22,19800106001427.000,0.00,0.0, 32.75, 32.48,100
0,07:24:4a:4a:6c:22,19800106001432.000,0.00,0.0, 32.75, 32.47,100
0,07:24:4a:4a:6c:22,19800106001438.000,0.00,0.0, 32.75, 32.45,100
0,07:24:4a:4a:6c:22,19800106001443.000,0.00,0.0, 32.78, 32.43,100
0,07:24:4a:4a:6c:22,19800106001448.000,0.00,0.0, 32.75, 32.42,100
0,07:24:4a:4a:6c:22,19800106001454.000,0.00,0.0, 32.75, 32.43,100
0,07:24:4a:4a:6c:22,19800106001459.000,0.00,0.0, 32.71, 32.41,100
0,07:24:4a:4a:6c:22,19800106001504.000,0.00,0.0, 32.71, 32.40,100
0,07:24:4a:4a:6c:22,19800106001510.000,0.00,0.0, 32.71, 32.38,100
0,07:24:4a:4a:6c:22,19800106001515.000,0.00,0.0, 32.64, 32.37,100
0,07:24:4a:4a:6c:22,19800106001520.000,0.00,0.0, 32.58, 32.33,100
0,07:24:4a:4a:6c:22,19800106001526.000,0.00,0.0, 32.54, 32.28,100
0,07:24:4a:4a:6c:22,19800106001531.000,0.00,0.0, 32.47, 32.26,100
0,07:24:4a:4a:6c:22,19800106001537.000,0.00,0.0, 32.41, 32.25,100
0,07:24:4a:4a:6c:22,19800106001542.000,0.00,0.0, 32.34, 32.21,100
0,07:24:4a:4a:6c:22,19800106001547.000,0.00,0.0, 32.30, 32.17,100
0,07:24:4a:4a:6c:22,19800106001553.000,0.00,0.0, 32.30, 32.16,100
0,07:24:4a:4a:6c:22,19800106001558.000,0.00,0.0, 32.30, 32.13,100
0,07:24:4a:4a:6c:22,19800106001603.000,0.00,0.0, 32.27, 32.10,100
0,07:24:4a:4a:6c:22,19800106001609.000,0.00,0.0, 32.24, 32.07,100
0,07:24:4a:4a:6c:22,19800106001614.000,0.00,0.0, 32.24, 32.05,100
0,07:24:4a:4a:6c:22,19800106001619.000,0.00,0.0, 32.27, 32.04,100
0,07:24:4a:4a:6c:22,19800106001625.000,0.00,0.0, 32.27, 32.05,100
0,07:24:4a:4a:6c:22,19800106001630.000,0.00,0.0, 32.27, 32.03,100
0,07:24:4a:4a:6c:22,19800106001636.000,0.00,0.0, 32.27, 32.02,100
0,07:24:4a:4a:6c:22,19800106001641.000,0.00,0.0, 32.27, 31.99,100
0,07:24:4a:4a:6c:22,19800106001646.000,0.00,0.0, 32.27, 32.01,100
0,07:24:4a:4a:6c:22,19800106001652.000,0.00,0.0, 32.30, 31.98,100
0,07:24:4a:4a:6c:22,19800106001657.000,0.00,0.0, 32.27, 32.00,100
0,07:24:4a:4a:6c:22,19800106001702.000,0.00,0.0, 32.27, 32.00,100
0,07:24:4a:4a:6c:22,19800106001708.000,0.00,0.0, 32.24, 32.01,100
0,07:24:4a:4a:6c:22,19800106001713.000,0.00,0.0, 32.20, 32.00,100
0,07:24:4a:4a:6c:22,19800106001718.000,0.00,0.0, 32.20, 32.00,100
0,07:24:4a:4a:6c:22,19800106001724.000,0.00,0.0, 32.24, 31.99,100
0,07:24:4a:4a:6c:22,19800106001729.000,0.00,0.0, 32.17, 31.99,100
0,07:24:4a:4a:6c:22,19800106001734.000,0.00,0.0, 32.20, 31.96,100
0,07:24:4a:4a:6c:22,19800106001740.000,0.00,0.0, 32.20, 31.97,100
0,07:24:4a:4a:6c:22,19800106001745.000,0.00,0.0, 32.27, 31.98,100
0,07:24:4a:4a:6c:22,19800106001750.000,0.00,0.0, 32.27, 31.97,100
0,07:24:4a:4a:6c:22,19800106001756.000,0.00,0.0, 32.27, 31.96,100
0,07:24:4a:4a:6c:22,19800106001801.000,0.00,0.0, 32.27, 31.96,100
0,07:24:4a:4a:6c:22,19800106001807.000,0.00,0.0, 32.30, 31.96,100
0,07:24:4a:4a:6c:22,19800106001812.000,0.00,0.0, 32.30, 31.96,100
0,07:24:4a:4a:6c:22,19800106001817.000,0.00,0.0, 32.30, 31.95,100
0,07:24:4a:4a:6c:22,19800106001823.000,0.00,0.0, 32.30, 31.95,100
0,07:24:4a:4a:6c:22,19800106001828.000,0.00,0.0, 32.37, 31.94,100
0,07:24:4a:4a:6c:22,19800106001833.000,0.00,0.0, 32.37, 31.96,100
0,07:24:4a:4a:6c:22,19800106001839.000,0.00,0.0, 32.37, 31.96,100
0,07:24:4a:4a:6c:22,19800106001844.000,0.00,0.0, 32.37, 31.96,100
0,07:24:4a:4a:6c:22,19800106001849.000,0.00,0.0, 32.44, 31.96,100
0,07:24:4a:4a:6c:22,19800106001855.000,0.00,0.0, 32.37, 31.96,100
0,07:24:4a:4a:6c:22,19800106001900.000,0.00,0.0, 32.34, 31.98,100
0,07:24:4a:4a:6c:22,19800106001905.000,0.00,0.0, 32.34, 31.97,100
0,07:24:4a:4a:6c:22,19800106001911.000,0.00,0.0, 32.34, 31.97,100
0,07:24:4a:4a:6c:22,19800106001916.000,0.00,0.0, 32.37, 31.97,100
0,07:24:4a:4a:6c:22,19800106001921.000,0.00,0.0, 32.37, 31.97,100
0,07:24:4a:4a:6c:22,19800106001927.000,0.00,0.0, 32.30, 31.98,100
0,07:24:4a:4a:6c:22,19800106001932.000,0.00,0.0, 32.34, 31.98,100
0,07:24:4a:4a:6c:22,19800106001937.000,0.00,0.0, 32.37, 31.97,100
0,07:24:4a:4a:6c:22,19800106001943.000,0.00,0.0, 32.37, 31.97,100
0,07:24:4a:4a:6c:22,19800106001948.000,0.00,0.0, 32.37, 31.97,100
0,07:24:4a:4a:6c:22,19800106001953.000,0.00,0.0, 32.41, 31.96,100
0,07:24:4a:4a:6c:22,19800106001959.000,0.00,0.0, 32.37, 31.95,100
0,07:24:4a:4a:6c:22,19800106002004.000,0.00,0.0, 32.37, 31.96,100
0,07:24:4a:4a:6c:22,19800106002009.000,0.00,0.0, 32.34, 31.94,100
0,07:24:4a:4a:6c:22,19800106002015.000,0.00,0.0, 32.30, 31.92,100
0,07:24:4a:4a:6c:22,19800106002020.000,0.00,0.0, 32.30, 31.93,100
0,07:24:4a:4a:6c:22,19800106002025.000,0.00,0.0, 32.34, 31.92,100
0,07:24:4a:4a:6c:22,19800106002031.000,0.00,0.0, 32.37, 31.93,100
0,07:24:4a:4a:6c:22,19800106002036.000,0.00,0.0, 32.34, 31.93,100
0,07:24:4a:4a:6c:22,19800106002042.000,0.00,0.0, 32.37, 31.93,100
0,07:24:4a:4a:6c:22,19800106002047.000,0.00,0.0, 32.34, 31.91,100
0,07:24:4a:4a:6c:22,19800106002052.000,0.00,0.0, 32.27, 31.91,100
0,07:24:4a:4a:6c:22,19800106002058.000,0.00,0.0, 32.24, 31.92,100
0,07:24:4a:4a:6c:22,19800106002103.000,0.00,0.0, 32.27, 31.91,100
0,07:24:4a:4a:6c:22,19800106002108.000,0.00,0.0, 32.27, 31.92,100
0,07:24:4a:4a:6c:22,19800106002114.000,0.00,0.0, 32.24, 31.92,100
0,07:24:4a:4a:6c:22,19800106002120.000,0.00,0.0, 32.24, 31.91,100
0,07:24:4a:4a:6c:22,19800106002125.000,0.00,0.0, 32.20, 31.94,100
0,07:24:4a:4a:6c:22,19800106002131.000,0.00,0.0, 32.24, 31.94,100
0,07:24:4a:4a:6c:22,19800106002136.000,0.00,0.0, 32.27, 31.93,100
0,07:24:4a:4a:6c:22,19800106002141.000,0.00,0.0, 32.20, 31.92,100
0,07:24:4a:4a:6c:22,19800106002147.000,0.00,0.0, 32.24, 31.92,100
0,07:24:4a:4a:6c:22,19800106002152.000,0.00,0.0, 32.20, 31.92,100
0,07:24:4a:4a:6c:22,19800106002158.000,0.00,0.0, 32.20, 31.92,100
0,07:24:4a:4a:6c:22,19800106002203.000,0.00,0.0, 32.17, 31.92,100
0,07:24:4a:4a:6c:22,19800106002208.000,0.00,0.0, 32.14, 31.92,100
0,07:24:4a:4a:6c:22,19800106002214.000,0.00,0.0, 32.17, 31.92,100
0,07:24:4a:4a:6c:22,19800106002219.000,0.00,0.0, 32.10, 31.93,100
0,07:24:4a:4a:6c:22,19800106002225.000,0.00,0.0, 32.10, 31.92,100
0,07:24:4a:4a:6c:22,19800106002230.000,0.00,0.0, 32.07, 31.93,100
0,07:24:4a:4a:6c:22,19800106002235.000,0.00,0.0, 32.07, 31.93,100
0,07:24:4a:4a:6c:22,19800106002241.000,0.00,0.0, 32.03, 31.93,100
0,07:24:4a:4a:6c:22,19800106002246.000,0.00,0.0, 32.07, 31.93,100
0,07:24:4a:4a:6c:22,19800106002251.000,0.00,0.0, 32.03, 31.94,100
0,07:24:4a:4a:6c:22,19800106002257.000,0.00,0.0, 32.03, 31.95,100
0,07:24:4a:4a:6c:22,19800106002302.000,0.00,0.0, 32.03, 31.95,100
0,07:24:4a:4a:6c:22,19800106002307.000,0.00,0.0, 32.03, 31.96,100
0,07:24:4a:4a:6c:22,19800106002313.000,0.00,0.0, 32.03, 31.97,100
0,07:24:4a:4a:6c:22,19800106002318.000,0.00,0.0, 32.07, 31.98,100
0,07:24:4a:4a:6c:22,19800106002323.000,0.00,0.0, 32.07, 31.98,100
0,07:24:4a:4a:6c:22,19800106002329.000,0.00,0.0, 32.10, 31.98,100
0,07:24:4a:4a:6c:22,19800106002334.000,0.00,0.0, 32.10, 31.99,100
0,07:24:4a:4a:6c:22,19800106002339.000,0.00,0.0, 32.10, 31.99,100
0,07:24:4a:4a:6c:22,19800106002345.000,0.00,0.0, 32.10, 32.00,100
0,07:24:4a:4a:6c:22,19800106002350.000,0.00,0.0, 32.14, 32.00,100
0,07:24:4a:4a:6c:22,19800106002355.000,0.00,0.0, 32.14, 32.00,100
0,07:24:4a:4a:6c:22,19800106002401.000,0.00,0.0, 32.17, 32.00,100
0,07:24:4a:4a:6c:22,19800106002406.000,0.00,0.0, 32.17, 32.01,100
0,07:24:4a:4a:6c:22,19800106002411.000,0.00,0.0, 32.20, 32.02,100
0,07:24:4a:4a:6c:22,19800106002417.000,0.00,0.0, 32.20, 32.04,100
0,07:24:4a:4a:6c:22,19800106002422.000,0.00,0.0, 32.17, 32.04,100
0,07:24:4a:4a:6c:22,19800106002728.000,0.00,0.0, 32.24, 32.03,100
0,07:24:4a:4a:6c:22,19800106003138.000,0.00,0.0, 31.97, 31.41,100
0,07:24:4a:4a:6c:22,19800106003143.000,0.00,0.0, 32.00, 31.45,100
0,07:24:4a:4a:6c:22,19800106003148.000,0.00,0.0, 31.97, 31.45,100
0,07:24:4a:4a:6c:22,19800106003154.000,0.00,0.0, 31.97, 31.46,100
0,07:24:4a:4a:6c:22,19800106003159.000,0.00,0.0, 31.93, 31.44,100
0,07:24:4a:4a:6c:22,19800106003204.000,0.00,0.0, 32.00, 31.42,100
0,07:24:4a:4a:6c:22,19800106003210.000,0.00,0.0, 31.97, 31.42,100
0,07:24:4a:4a:6c:22,19800106004735.000,0.00,0.0, 32.03, 31.20,100
0,07:24:4a:4a:6c:22,19800106004740.000,0.00,0.0, 32.07, 31.24,100
0,07:24:4a:4a:6c:22,19800106004746.000,0.00,0.0, 32.07, 31.23,100
0,07:24:4a:4a:6c:22,19800106004751.000,0.00,0.0, 32.03, 31.24,100
0,07:24:4a:4a:6c:22,19800106004757.000,0.00,0.0, 32.07, 31.24,100
0,07:24:4a:4a:6c:22,19800106004802.000,0.00,0.0, 32.07, 31.26,100
0,07:24:4a:4a:6c:22,19800106005149.000,0.00,0.0, 50.59, 31.29,100
0,07:24:4a:4a:6c:22,19800106005154.000,0.00,0.0, 50.73, 31.34,100
0,07:24:4a:4a:6c:22,19800106005200.000,0.00,0.0, 50.83, 31.35,100
0,07:24:4a:4a:6c:22,19800106005205.000,0.00,0.0, 50.80, 31.33,100
0,07:24:4a:4a:6c:22,19800106005210.000,0.00,0.0, 50.87, 31.33,100
0,07:24:4a:4a:6c:22,19800106005216.000,0.00,0.0, 46.16, 31.36,100
0,07:24:4a:4a:6c:22,19800106005221.000,0.00,0.0, 46.16, 31.34,100
0,07:24:4a:4a:6c:22,19800106005227.000,0.00,0.0, 46.81, 31.35,100
0,07:24:4a:4a:6c:22,19800106005232.000,0.00,0.0, 47.29, 31.35,100
0,07:24:4a:4a:6c:22,19800106005238.000,0.00,0.0, 47.90, 31.35,100
0,07:24:4a:4a:6c:22,19800106005243.000,0.00,0.0, 48.24, 31.36,100
0,07:24:4a:4a:6c:22,19800106005248.000,0.00,0.0, 48.75, 31.36,100
0,07:24:4a:4a:6c:22,19800106005254.000,0.00,0.0, 49.20, 31.38,100
0,07:24:4a:4a:6c:22,19800106005259.000,0.00,0.0, 49.26, 31.36,100
0,07:24:4a:4a:6c:22,19800106005305.000,0.00,0.0, 49.16, 31.36,100
0,07:24:4a:4a:6c:22,19800106005310.000,0.00,0.0, 49.06, 31.37,100
0,07:24:4a:4a:6c:22,19800106005315.000,0.00,0.0, 48.96, 31.38,100
0,07:24:4a:4a:6c:22,19800106005321.000,0.00,0.0, 48.82, 31.37,100
0,07:24:4a:4a:6c:22,19800106005326.000,0.00,0.0, 48.72, 31.39,100
0,07:24:4a:4a:6c:22,19800106005331.000,0.00,0.0, 48.58, 31.40,100
0,07:24:4a:4a:6c:22,19800106005337.000,0.00,0.0, 48.41, 31.40,100
0,07:24:4a:4a:6c:22,19800106005342.000,0.00,0.0, 48.38, 31.40,100
0,07:24:4a:4a:6c:22,19800106005528.000,0.00,0.0, 48.31, 31.36,100
0,07:24:4a:4a:6c:22,19800106005533.000,0.00,0.0, 48.28, 31.40,100
0,07:24:4a:4a:6c:22,19800106005538.000,0.00,0.0, 48.24, 31.40,100
0,07:24:4a:4a:6c:22,19800106005544.000,0.00,0.0, 48.24, 31.40,100
0,07:24:4a:4a:6c:22,19800106005549.000,0.00,0.0, 48.28, 31.39,100
0,07:24:4a:4a:6c:22,19800106005554.000,0.00,0.0, 48.38, 31.40,100
0,07:24:4a:4a:6c:22,19800106005600.000,0.00,0.0, 48.58, 31.40,100
0,07:24:4a:4a:6c:22,19800106005606.000,0.00,0.0, 48.62, 31.39,100
0,07:24:4a:4a:6c:22,19800106005611.000,0.00,0.0, 48.65, 31.40,100
0,07:24:4a:4a:6c:22,19800106005617.000,0.00,0.0, 48.68, 31.42,100
0,07:24:4a:4a:6c:22,19800106005622.000,0.00,0.0, 48.75, 31.42,100
0,07:24:4a:4a:6c:22,19800106005628.000,0.00,0.0, 48.68, 31.41,100
0,07:24:4a:4a:6c:22,19800106005633.000,0.00,0.0, 48.75, 31.43,100
0,07:24:4a:4a:6c:22,19800106014032.000,0.00,0.0, 35.97, 31.44,100
0,07:24:4a:4a:6c:22,19800105235949.000,0.00,0.0, 31.93, 31.85,100
0,07:24:4a:4a:6c:22,19800106000034.000,0.00,0.0, 31.93, 31.90,100
0,07:24:4a:4a:6c:22,19800106000143.000,0.00,0.0, 31.97, 31.90,100
0,07:24:4a:4a:6c:22,19800106000149.000,0.00,0.0, 31.97, 31.94,100
0,07:24:4a:4a:6c:22,19800106000155.000,0.00,0.0, 31.97, 31.94,100
0,07:24:4a:4a:6c:22,19800106000200.000,0.00,0.0, 31.93, 31.94,100
0,07:24:4a:4a:6c:22,19800106000206.000,0.00,0.0, 31.97, 31.93,100
0,07:24:4a:4a:6c:22,19800106000211.000,0.00,0.0, 31.97, 31.93,100
0,07:24:4a:4a:6c:22,19800106000217.000,0.00,0.0, 31.93, 31.92,100
0,07:24:4a:4a:6c:22,19800106000222.000,0.00,0.0, 31.97, 31.91,100
0,07:24:4a:4a:6c:22,19800106000227.000,0.00,0.0, 31.97, 31.92,100
0,07:24:4a:4a:6c:22,19800106000233.000,0.00,0.0, 31.97, 31.92,100
0,07:24:4a:4a:6c:22,19800106000238.000,0.00,0.0, 31.93, 31.93,100
0,07:24:4a:4a:6c:22,19800106000244.000,0.00,0.0, 31.97, 31.93,100
0,07:24:4a:4a:6c:22,19800106000249.000,0.00,0.0, 31.97, 31.93,100
0,07:24:4a:4a:6c:22,19800106000255.000,0.00,0.0, 31.90, 31.93,100
0,07:24:4a:4a:6c:22,19800106000300.000,0.00,0.0, 31.97, 31.94,100
0,07:24:4a:4a:6c:22,19800106000306.000,0.00,0.0, 31.97, 31.94,100
0,07:24:4a:4a:6c:22,19800106000311.000,0.00,0.0, 31.93, 31.94,100
0,07:24:4a:4a:6c:22,19800106000317.000,0.00,0.0, 31.97, 31.94,100
0,07:24:4a:4a:6c:22,19800106000322.000,0.00,0.0, 31.93, 31.95,100
0,07:24:4a:4a:6c:22,19800106000327.000,0.00,0.0, 31.97, 31.95,100
0,07:24:4a:4a:6c:22,19800106000333.000,0.00,0.0, 31.97, 31.95,100
0,07:24:4a:4a:6c:22,19800106000338.000,0.00,0.0, 31.97, 31.95,100
0,07:24:4a:4a:6c:22,19800106000344.000,0.00,0.0, 32.00, 31.96,100
0,07:24:4a:4a:6c:22,19800106000349.000,0.00,0.0, 31.97, 31.95,100
0,07:24:4a:4a:6c:22,19800106000355.000,0.00,0.0, 31.97, 31.94,100
0,07:24:4a:4a:6c:22,19800106000400.000,0.00,0.0, 31.97, 31.96,100
0,07:24:4a:4a:6c:22,19800106000406.000,0.00,0.0, 31.97, 31.96,100
0,07:24:4a:4a:6c:22,19800106000411.000,0.00,0.0, 32.00, 31.96,100
0,07:24:4a:4a:6c:22,19800106000416.000,0.00,0.0, 31.93, 31.98,100
0,07:24:4a:4a:6c:22,19800106000422.000,0.00,0.0, 31.97, 31.96,100
0,07:24:4a:4a:6c:22,19800106000427.000,0.00,0.0, 31.97, 31.98,100
0,07:24:4a:4a:6c:22,19800106000433.000,0.00,0.0, 31.93, 31.99,100
0,07:24:4a:4a:6c:22,19800106000438.000,0.00,0.0, 32.00, 32.00,100
0,07:24:4a:4a:6c:22,19800106000443.000,0.00,0.0, 32.00, 32.00,100
0,07:24:4a:4a:6c:22,19800106000449.000,0.00,0.0, 31.97, 32.00,100
0,07:24:4a:4a:6c:22,19800106000454.000,0.00,0.0, 31.97, 32.00,100
0,07:24:4a:4a:6c:22,19800106000500.000,0.00,0.0, 31.97, 32.01,100
0,07:24:4a:4a:6c:22,19800106000505.000,0.00,0.0, 31.97, 32.01,100
0,07:24:4a:4a:6c:22,19800106000510.000,0.00,0.0, 31.97, 32.02,100
0,07:24:4a:4a:6c:22,19800106000516.000,0.00,0.0, 31.97, 32.02,100
0,07:24:4a:4a:6c:22,19800106000522.000,0.00,0.0, 31.97, 32.01,100
0,07:24:4a:4a:6c:22,19800106000527.000,0.00,0.0, 31.97, 32.03,100
0,07:24:4a:4a:6c:22,19800106000533.000,0.00,0.0, 31.97, 32.03,100
0,07:24:4a:4a:6c:22,19800106000538.000,0.00,0.0, 32.00, 32.04,100
0,07:24:4a:4a:6c:22,19800106000544.000,0.00,0.0, 32.00, 32.05,100
0,07:24:4a:4a:6c:22,19800106000549.000,0.00,0.0, 32.00, 32.04,100
0,07:24:4a:4a:6c:22,19800106000554.000,0.00,0.0, 32.00, 32.06,100
0,07:24:4a:4a:6c:22,19800106000600.000,0.00,0.0, 32.00, 32.05,100
0,07:24:4a:4a:6c:22,19800106000605.000,0.00,0.0, 32.03, 32.06,100
0,07:24:4a:4a:6c:22,19800106000611.000,0.00,0.0, 32.00, 32.07,100
0,07:24:4a:4a:6c:22,19800106000616.000,0.00,0.0, 32.00, 32.08,100
0,07:24:4a:4a:6c:22,19800106000622.000,0.00,0.0, 32.00, 32.08,100
0,07:24:4a:4a:6c:22,19800106000627.000,0.00,0.0, 32.00, 32.08,100
0,07:24:4a:4a:6c:22,19800106000633.000,0.00,0.0, 32.00, 32.08,100
0,07:24:4a:4a:6c:22,19800106000638.000,0.00,0.0, 32.00, 32.09,100
0,07:24:4a:4a:6c:22,19800106000644.000,0.00,0.0, 32.00, 32.08,100
0,07:24:4a:4a:6c:22,19800106000649.000,0.00,0.0, 32.00, 32.09,100
0,07:24:4a:4a:6c:22,19800106000654.000,0.00,0.0, 32.00, 32.08,100
0,07:24:4a:4a:6c:22,19800106000700.000,0.00,0.0, 32.00, 32.10,100
0,07:24:4a:4a:6c:22,19800106000705.000,0.00,0.0, 32.00, 32.08,100
0,07:24:4a:4a:6c:22,19800106000711.000,0.00,0.0, 32.03, 32.10,100
0,07:24:4a:4a:6c:22,19800106000716.000,0.00,0.0, 32.00, 32.10,100
0,07:24:4a:4a:6c:22,19800106000722.000,0.00,0.0, 31.97, 32.10,100
0,07:24:4a:4a:6c:22,19800106000727.000,0.00,0.0, 32.00, 32.11,100
0,07:24:4a:4a:6c:22,19800106000733.000,0.00,0.0, 31.97, 32.12,100
0,07:24:4a:4a:6c:22,19800106000738.000,0.00,0.0, 32.00, 32.12,100
0,07:24:4a:4a:6c:22,19800106000744.000,0.00,0.0, 32.00, 32.11,100
0,07:24:4a:4a:6c:22,19800106000749.000,0.00,0.0, 32.00, 32.12,100
0,07:24:4a:4a:6c:22,19800106000755.000,0.00,0.0, 32.00, 32.13,100
0,07:24:4a:4a:6c:22,19800106000801.000,0.00,0.0, 31.97, 32.13,100
0,07:24:4a:4a:6c:22,19800106000806.000,0.00,0.0, 32.00, 32.13,100
0,07:24:4a:4a:6c:22,19800106000811.000,0.00,0.0, 32.00, 32.13,100
0,07:24:4a:4a:6c:22,19800106000816.000,0.00,0.0, 32.03, 32.13,100
0,07:24:4a:4a:6c:22,19800106000822.000,0.00,0.0, 32.00, 32.12,100
0,07:24:4a:4a:6c:22,19800106000827.000,0.00,0.0, 32.03, 32.10,100
0,07:24:4a:4a:6c:22,19800106000833.000,0.00,0.0, 32.03, 32.12,100
0,07:24:4a:4a:6c:22,19800106000838.000,0.00,0.0, 32.03, 32.12,100
0,07:24:4a:4a:6c:22,19800106000843.000,0.00,0.0, 32.03, 32.12,100
0,07:24:4a:4a:6c:22,19800106000849.000,0.00,0.0, 32.00, 32.12,100
0,07:24:4a:4a:6c:22,19800106000854.000,0.00,0.0, 32.00, 32.12,100
0,07:24:4a:4a:6c:22,19800106000900.000,0.00,0.0, 32.00, 32.13,100
0,07:24:4a:4a:6c:22,19800106000905.000,0.00,0.0, 32.00, 32.14,100
0,07:24:4a:4a:6c:22,19800106000919.000,0.00,0.0, 32.00, 32.08,100
0,07:24:4a:4a:6c:22,19800106000924.000,0.00,0.0, 32.03, 32.12,100
0,07:24:4a:4a:6c:22,19800106000930.000,0.00,0.0, 32.03, 32.13,100
0,07:24:4a:4a:6c:22,19800106000935.000,0.00,0.0, 32.00, 32.14,100
0,07:24:4a:4a:6c:22,19800106000941.000,0.00,0.0, 32.00, 32.15,100
0,07:24:4a:4a:6c:22,19800106000946.000,0.00,0.0, 32.03, 32.15,100
0,07:24:4a:4a:6c:22,19800106000951.000,0.00,0.0, 32.00, 32.16,100
0,07:24:4a:4a:6c:22,19800106000957.000,0.00,0.0, 32.03, 32.15,100
0,07:24:4a:4a:6c:22,19800106001003.000,0.00,0.0, 32.00, 32.17,100
0,07:24:4a:4a:6c:22,19800106001008.000,0.00,0.0, 32.00, 32.18,100
0,07:24:4a:4a:6c:22,19800106001013.000,0.00,0.0, 32.00, 32.18,100
0,07:24:4a:4a:6c:22,19800106001018.000,0.00,0.0, 32.00, 32.18,100
0,07:24:4a:4a:6c:22,19800106001024.000,0.00,0.0, 32.03, 32.19,100
0,07:24:4a:4a:6c:22,19800106001029.000,0.00,0.0, 32.00, 32.19,100
0,07:24:4a:4a:6c:22,19800106001034.000,0.00,0.0, 32.03, 32.19,100
0,07:24:4a:4a:6c:22,19800106001040.000,0.00,0.0, 32.00, 32.19,100
0,07:24:4a:4a:6c:22,19800106001045.000,0.00,0.0, 32.03, 32.19,100
0,07:24:4a:4a:6c:22,19800106001050.000,0.00,0.0, 32.00, 32.19,100
0,07:24:4a:4a:6c:22,19800106001056.000,0.00,0.0, 31.97, 32.19,100
0,07:24:4a:4a:6c:22,19800106001101.000,0.00,0.0, 32.00, 32.19,100
0,07:24:4a:4a:6c:22,19800106001106.000,0.00,0.0, 32.00, 32.18,100
0,07:24:4a:4a:6c:22,19800106001112.000,0.00,0.0, 32.03, 32.18,100
0,07:24:4a:4a:6c:22,19800106001118.000,0.00,0.0, 32.00, 32.17,100
0,07:24:4a:4a:6c:22,19800106001124.000,0.00,0.0, 32.03, 32.17,100
0,07:24:4a:4a:6c:22,19800106001129.000,0.00,0.0, 32.00, 32.17,100
0,07:24:4a:4a:6c:22,19800106001134.000,0.00,0.0, 31.97, 32.17,100
0,07:24:4a:4a:6c:22,19800106001140.000,0.00,0.0, 32.03, 32.17,100
0,07:24:4a:4a:6c:22,19800106001145.000,0.00,0.0, 32.03, 32.16,100
0,07:24:4a:4a:6c:22,19800106001151.000,0.00,0.0, 32.00, 32.18,100
0,07:24:4a:4a:6c:22,19800106001156.000,0.00,0.0, 32.03, 32.17,100
0,07:24:4a:4a:6c:22,19800106001202.000,0.00,0.0, 32.03, 32.18,100
0,07:24:4a:4a:6c:22,19800106001207.000,0.00,0.0, 32.03, 32.17,100
0,07:24:4a:4a:6c:22,19800106001213.000,0.00,0.0, 32.00, 32.17,100
0,07:24:4a:4a:6c:22,19800106001218.000,0.00,0.0, 32.03, 32.16,100
0,07:24:4a:4a:6c:22,19800106001224.000,0.00,0.0, 32.03, 32.17,100
0,07:24:4a:4a:6c:22,19800106001230.000,0.00,0.0, 32.00, 32.16,100
0,07:24:4a:4a:6c:22,19800106001235.000,0.00,0.0, 32.03, 32.18,100
0,07:24:4a:4a:6c:22,19800106001240.000,0.00,0.0, 32.03, 32.17,100
0,07:24:4a:4a:6c:22,19800106001246.000,0.00,0.0, 32.03, 32.16,100
0,07:24:4a:4a:6c:22,19800106001251.000,0.00,0.0, 32.03, 32.17,100
0,07:24:4a:4a:6c:22,19800106001256.000,0.00,0.0, 32.00, 32.16,100
0,07:24:4a:4a:6c:22,19800106001301.000,0.00,0.0, 32.03, 32.16,100
0,07:24:4a:4a:6c:22,19800106001307.000,0.00,0.0, 32.00, 32.15,100
0,07:24:4a:4a:6c:22,19800106001313.000,0.00,0.0, 32.03, 32.14,100
0,07:24:4a:4a:6c:22,19800106001318.000,0.00,0.0, 32.00, 32.14,100
0,07:24:4a:4a:6c:22,19800106001323.000,0.00,0.0, 32.03, 32.13,100
0,07:24:4a:4a:6c:22,19800106001328.000,0.00,0.0, 32.03, 32.13,100
0,07:24:4a:4a:6c:22,19800106001334.000,0.00,0.0, 32.03, 32.14,100
0,07:24:4a:4a:6c:22,19800106001339.000,0.00,0.0, 32.03, 32.15,100
0,07:24:4a:4a:6c:22,19800106001345.000,0.00,0.0, 32.03, 32.15,100
0,07:24:4a:4a:6c:22,19800106001351.000,0.00,0.0, 32.03, 32.13,100
0,07:24:4a:4a:6c:22,19800106001356.000,0.00,0.0, 32.03, 32.15,100
0,07:24:4a:4a:6c:22,19800106001402.000,0.00,0.0, 32.03, 32.14,100
0,07:24:4a:4a:6c:22,19800106001407.000,0.00,0.0, 32.03, 32.14,100
0,07:24:4a:4a:6c:22,19800106001413.000,0.00,0.0, 32.00, 32.14,100
0,07:24:4a:4a:6c:22,19800106001418.000,0.00,0.0, 32.00, 32.15,100
0,07:24:4a:4a:6c:22,19800106001424.000,0.00,0.0, 32.00, 32.15,100
0,07:24:4a:4a:6c:22,19800106001430.000,0.00,0.0, 32.03, 32.15,100
0,07:24:4a:4a:6c:22,19800106001435.000,0.00,0.0, 32.03, 32.15,100
0,07:24:4a:4a:6c:22,19800106001441.000,0.00,0.0, 32.03, 32.16,100
0,07:24:4a:4a:6c:22,19800106001446.000,0.00,0.0, 32.00, 32.15,100
0,07:24:4a:4a:6c:22,19800106001452.000,0.00,0.0, 32.03, 32.16,100
0,07:24:4a:4a:6c:22,19800106001458.000,0.00,0.0, 32.03, 32.17,100
0,07:24:4a:4a:6c:22,19800106001503.000,0.00,0.0, 32.03, 32.17,100
0,07:24:4a:4a:6c:22,19800106001509.000,0.00,0.0, 32.00, 32.17,100
0,07:24:4a:4a:6c:22,19800106001514.000,0.00,0.0, 32.03, 32.19,100
0,07:24:4a:4a:6c:22,19800106001520.000,0.00,0.0, 32.03, 32.18,100
0,07:24:4a:4a:6c:22,19800106001526.000,0.00,0.0, 32.03, 32.19,100
0,07:24:4a:4a:6c:22,19800106001531.000,0.00,0.0, 32.00, 32.21,100
0,07:24:4a:4a:6c:22,19800106001537.000,0.00,0.0, 32.00, 32.21,100
0,07:24:4a:4a:6c:22,19800106001542.000,0.00,0.0, 32.00, 32.22,100
0,07:24:4a:4a:6c:22,19800106001548.000,0.00,0.0, 32.03, 32.22,100
0,07:24:4a:4a:6c:22,19800106001553.000,0.00,0.0, 32.00, 32.22,100
0,07:24:4a:4a:6c:22,19800106001559.000,0.00,0.0, 32.03, 32.22,100
0,07:24:4a:4a:6c:22,19800106001604.000,0.00,0.0, 32.07, 32.22,100
0,07:24:4a:4a:6c:22,19800106001610.000,0.00,0.0, 32.03, 32.21,100
0,07:24:4a:4a:6c:22,19800106001615.000,0.00,0.0, 32.00, 32.21,100
0,07:24:4a:4a:6c:22,19800106001621.000,0.00,0.0, 32.03, 32.21,100
0,07:24:4a:4a:6c:22,19800106001626.000,0.00,0.0, 32.03, 32.21,100
0,07:24:4a:4a:6c:22,19800106001632.000,0.00,0.0, 32.03, 32.22,100
0,07:24:4a:4a:6c:22,19800106001638.000,0.00,0.0, 32.03, 32.22,100
0,07:24:4a:4a:6c:22,19800106001643.000,0.00,0.0, 32.03, 32.24,100
0,07:24:4a:4a:6c:22,19800106001649.000,0.00,0.0, 32.03, 32.23,100
0,07:24:4a:4a:6c:22,19800106001654.000,0.00,0.0, 32.03, 32.24,100
0,07:24:4a:4a:6c:22,19800106001659.000,0.00,0.0, 32.00, 32.24,100
0,07:24:4a:4a:6c:22,19800106001705.000,0.00,0.0, 32.07, 32.23,100
0,07:24:4a:4a:6c:22,19800106001711.000,0.00,0.0, 32.03, 32.24,100
0,07:24:4a:4a:6c:22,19800106001716.000,0.00,0.0, 32.03, 32.25,100
0,07:24:4a:4a:6c:22,19800106001722.000,0.00,0.0, 32.03, 32.25,100
0,07:24:4a:4a:6c:22,19800106001727.000,0.00,0.0, 32.03, 32.24,100
0,07:24:4a:4a:6c:22,19800106001733.000,0.00,0.0, 32.00, 32.22,100
0,07:24:4a:4a:6c:22,19800106001738.000,0.00,0.0, 32.03, 32.24,100
0,07:24:4a:4a:6c:22,19800106001744.000,0.00,0.0, 32.07, 32.24,100
0,07:24:4a:4a:6c:22,19800106001749.000,0.00,0.0, 32.03, 32.23,100
0,07:24:4a:4a:6c:22,19800106001755.000,0.00,0.0, 32.03, 32.22,100
0,07:24:4a:4a:6c:22,19800106001800.000,0.00,0.0, 32.03, 32.22,100
0,07:24:4a:4a:6c:22,19800106001806.000,0.00,0.0, 32.00, 32.24,100
0,07:24:4a:4a:6c:22,19800106001812.000,0.00,0.0, 32.00, 32.22,100
0,07:24:4a:4a:6c:22,19800106001817.000,0.00,0.0, 32.00, 32.22,100
0,07:24:4a:4a:6c:22,19800106001822.000,0.00,0.0, 32.03, 32.23,100
0,07:24:4a:4a:6c:22,19800106001828.000,0.00,0.0, 32.03, 32.22,100
0,07:24:4a:4a:6c:22,19800106001833.000,0.00,0.0, 32.03, 32.22,100
0,07:24:4a:4a:6c:22,19800106001839.000,0.00,0.0, 32.03, 32.21,100
0,07:24:4a:4a:6c:22,19800106001845.000,0.00,0.0, 32.03, 32.22,100
0,07:24:4a:4a:6c:22,19800106001850.000,0.00,0.0, 32.00, 32.22,100
0,07:24:4a:4a:6c:22,19800106001856.000,0.00,0.0, 32.00, 32.22,100
0,07:24:4a:4a:6c:22,19800106001901.000,0.00,0.0, 32.00, 32.21,100
0,07:24:4a:4a:6c:22,19800106001907.000,0.00,0.0, 32.00, 32.20,100
0,07:24:4a:4a:6c:22,19800106001912.000,0.00,0.0, 32.03, 32.18,100
0,07:24:4a:4a:6c:22,19800106001918.000,0.00,0.0, 32.03, 32.17,100
0,07:24:4a:4a:6c:22,19800106001923.000,0.00,0.0, 32.00, 32.16,100
0,07:24:4a:4a:6c:22,19800106001929.000,0.00,0.0, 32.03, 32.17,100
0,07:24:4a:4a:6c:22,19800106001935.000,0.00,0.0, 32.20, 32.16,100
0,07:24:4a:4a:6c:22,19800106001940.000,0.00,0.0, 32.44, 32.14,100
0,07:24:4a:4a:6c:22,19800106001945.000,0.00,0.0, 32.75, 32.15,100
0,07:24:4a:4a:6c:22,19800106001951.000,0.00,0.0, 33.22, 32.14,100
0,07:24:4a:4a:6c:22,19800106001956.000,0.00,0.0, 33.66, 32.12,100
0,07:24:4a:4a:6c:22,19800106002002.000,0.00,0.0, 34.03, 32.13,100
0,07:24:4a:4a:6c:22,19800106002007.000,0.00,0.0, 34.47, 32.13,100
0,07:24:4a:4a:6c:22,19800106002013.000,0.00,0.0, 34.88, 32.13,100
0,07:24:4a:4a:6c:22,19800106002018.000,0.00,0.0, 35.26, 32.13,100
0,07:24:4a:4a:6c:22,19800106002024.000,0.00,0.0, 35.59, 32.12,100
0,07:24:4a:4a:6c:22,19800106002030.000,0.00,0.0, 35.87, 32.13,100
0,07:24:4a:4a:6c:22,19800106002035.000,0.00,0.0, 36.14, 32.14,100
0,07:24:4a:4a:6c:22,19800106002041.000,0.00,0.0, 36.38, 32.14,100
0,07:24:4a:4a:6c:22,19800106002046.000,0.00,0.0, 36.54, 32.14,100
0,07:24:4a:4a:6c:22,19800106002052.000,0.00,0.0, 36.58, 32.14,100
0,07:24:4a:4a:6c:22,19800106002057.000,0.00,0.0, 36.68, 32.16,100
0,07:24:4a:4a:6c:22,19800106002103.000,0.00,0.0, 36.71, 32.16,100
0,07:24:4a:4a:6c:22,19800106002108.000,0.00,0.0, 36.82, 32.18,100
0,07:24:4a:4a:6c:22,19800106002114.000,0.00,0.0, 36.95, 32.17,100
0,07:24:4a:4a:6c:22,19800106002120.000,0.00,0.0, 36.99, 32.17,100
0,07:24:4a:4a:6c:22,19800106002125.000,0.00,0.0, 37.12, 32.18,100
0,07:24:4a:4a:6c:22,19800106002131.000,0.00,0.0, 37.22, 32.17,100
0,07:24:4a:4a:6c:22,19800106002136.000,0.00,0.0, 37.39, 32.19,100
0,07:24:4a:4a:6c:22,19800106002142.000,0.00,0.0, 37.46, 32.18,100
0,07:24:4a:4a:6c:22,19800106002147.000,0.00,0.0, 37.73, 32.18,100
0,07:24:4a:4a:6c:22,19800106002153.000,0.00,0.0, 37.83, 32.18,100
0,07:24:4a:4a:6c:22,19800106002158.000,0.00,0.0, 37.94, 32.18,100
0,07:24:4a:4a:6c:22,19800106002204.000,0.00,0.0, 38.11, 32.18,100
0,07:24:4a:4a:6c:22,19800106002210.000,0.00,0.0, 38.24, 32.17,100
0,07:24:4a:4a:6c:22,19800106002215.000,0.00,0.0, 38.34, 32.17,100
0,07:24:4a:4a:6c:22,19800106002220.000,0.00,0.0, 38.62, 32.17,100
0,07:24:4a:4a:6c:22,19800106002226.000,0.00,0.0, 38.85, 32.17,100
0,07:24:4a:4a:6c:22,19800106002232.000,0.00,0.0, 38.99, 32.17,100
0,07:24:4a:4a:6c:22,19800106002237.000,0.00,0.0, 39.30, 32.18,100
0,07:24:4a:4a:6c:22,19800106002243.000,0.00,0.0, 39.47, 32.18,100
0,07:24:4a:4a:6c:22,19800106002248.000,0.00,0.0, 39.60, 32.19,100
0,07:24:4a:4a:6c:22,19800106002253.000,0.00,0.0, 39.84, 32.20,100
0,07:24:4a:4a:6c:22,19800106002259.000,0.00,0.0, 40.08, 32.20,100
0,07:24:4a:4a:6c:22,19800106002304.000,0.00,0.0, 40.08, 32.20,100
0,07:24:4a:4a:6c:22,19800106002310.000,0.00,0.0, 40.14, 32.22,100
0,07:24:4a:4a:6c:22,19800106002315.000,0.00,0.0, 40.31, 32.23,100
0,07:24:4a:4a:6c:22,19800106002321.000,0.00,0.0, 40.28, 32.23,100
0,07:24:4a:4a:6c:22,19800106002326.000,0.00,0.0, 40.28, 32.23,100
0,07:24:4a:4a:6c:22,19800106002332.000,0.00,0.0, 40.18, 32.23,100
0,07:24:4a:4a:6c:22,19800106002337.000,0.00,0.0, 40.11, 32.23,100
0,07:24:4a:4a:6c:22,19800106002343.000,0.00,0.0, 40.11, 32.23,100
0,07:24:4a:4a:6c:22,19800106002348.000,0.00,0.0, 40.21, 32.23,100
0,07:24:4a:4a:6c:22,19800106002353.000,0.00,0.0, 40.28, 32.23,100
0,07:24:4a:4a:6c:22,19800106002359.000,0.00,0.0, 40.38, 32.23,100
0,07:24:4a:4a:6c:22,19800106002404.000,0.00,0.0, 40.48, 32.22,100
0,07:24:4a:4a:6c:22,19800106002410.000,0.00,0.0, 40.55, 32.23,100
0,07:24:4a:4a:6c:22,19800106002415.000,0.00,0.0, 40.65, 32.23,100
0,07:24:4a:4a:6c:22,19800106002421.000,0.00,0.0, 40.72, 32.21,100
0,07:24:4a:4a:6c:22,19800106002427.000,0.00,0.0, 40.72, 32.20,100
0,07:24:4a:4a:6c:22,19800106002432.000,0.00,0.0, 40.72, 32.19,100
0,07:24:4a:4a:6c:22,19800106002438.000,0.00,0.0, 40.62, 32.18,100
0,07:24:4a:4a:6c:22,19800106002443.000,0.00,0.0, 40.55, 32.19,100
0,07:24:4a:4a:6c:22,19800106002449.000,0.00,0.0, 40.45, 32.17,100
0,07:24:4a:4a:6c:22,19800106002454.000,0.00,0.0, 40.48, 32.18,100
0,07:24:4a:4a:6c:22,19800106002459.000,0.00,0.0, 40.59, 32.20,100
0,07:24:4a:4a:6c:22,19800106002505.000,0.00,0.0, 40.69, 32.20,100
0,07:24:4a:4a:6c:22,19800106002510.000,0.00,0.0, 40.79, 32.19,100
0,07:24:4a:4a:6c:22,19800106002516.000,0.00,0.0, 40.82, 32.18,100
0,07:24:4a:4a:6c:22,19800106002521.000,0.00,0.0, 40.86, 32.18,100
0,07:24:4a:4a:6c:22,19800106002527.000,0.00,0.0, 40.93, 32.19,100
0,07:24:4a:4a:6c:22,19800106002533.000,0.00,0.0, 40.96, 32.18,100
0,07:24:4a:4a:6c:22,19800106002538.000,0.00,0.0, 41.10, 32.20,100
0,07:24:4a:4a:6c:22,19800106002544.000,0.00,0.0, 41.20, 32.21,100
0,07:24:4a:4a:6c:22,19800106002549.000,0.00,0.0, 41.23, 32.21,100
0,07:24:4a:4a:6c:22,19800106002555.000,0.00,0.0, 41.16, 32.22,100
0,07:24:4a:4a:6c:22,19800106002600.000,0.00,0.0, 41.10, 32.22,100
0,07:24:4a:4a:6c:22,19800106002606.000,0.00,0.0, 41.23, 32.22,100
0,07:24:4a:4a:6c:22,19800106002611.000,0.00,0.0, 41.44, 32.22,100
0,07:24:4a:4a:6c:22,19800106002617.000,0.00,0.0, 41.54, 32.23,100
0,07:24:4a:4a:6c:22,19800106002623.000,0.00,0.0, 41.61, 32.23,100
0,07:24:4a:4a:6c:22,19800106002628.000,0.00,0.0, 41.57, 32.23,100
0,07:24:4a:4a:6c:22,19800106002634.000,0.00,0.0, 41.50, 32.24,100
0,07:24:4a:4a:6c:22,19800106002639.000,0.00,0.0, 41.57, 32.24,100
0,07:24:4a:4a:6c:22,19800106002644.000,0.00,0.0, 41.78, 32.23,100
0,07:24:4a:4a:6c:22,19800106002649.000,0.00,0.0, 41.91, 32.24,100
0,07:24:4a:4a:6c:22,19800106002655.000,0.00,0.0, 41.91, 32.24,100
0,07:24:4a:4a:6c:22,19800106002701.000,0.00,0.0, 42.05, 32.24,100
0,07:24:4a:4a:6c:22,19800106002706.000,0.00,0.0, 42.18, 32.24,100
0,07:24:4a:4a:6c:22,19800106002712.000,0.00,0.0, 42.25, 32.24,100
0,07:24:4a:4a:6c:22,19800106002717.000,0.00,0.0, 42.29, 32.25,100
0,07:24:4a:4a:6c:22,19800106002723.000,0.00,0.0, 42.29, 32.24,100
0,07:24:4a:4a:6c:22,19800106002728.000,0.00,0.0, 42.29, 32.25,100
0,07:24:4a:4a:6c:22,19800106002734.000,0.00,0.0, 42.32, 32.26,100
0,07:24:4a:4a:6c:22,19800106002739.000,0.00,0.0, 42.35, 32.27,100
0,07:24:4a:4a:6c:22,19800106002745.000,0.00,0.0, 42.25, 32.28,100
quitquitquit